0 1874 midisceplanmap_repro UBIGEO
230110 230109         48033.7787
230110 230102         30506.7864
230110 230106          42423.465
230110 230111         23266.0642
230110 230104         28260.1591
230110 230108         20919.9163
230110 230103         19537.2471
230110 230101         7589.44887
230108 230404         43977.9985
230108 230403         42887.5104
230108 230106          25159.933
230108 230102         29014.5445
230108 230104         20725.1581
230108 230103         9842.38906
230108 230101         15474.6598
230108 230110         20919.9163
230103 230403          39000.074
230103 230404         38100.2768
230103 230106         22922.4545
230103 230110         19537.2471
230103 230104         11695.4068
230103 230108         9842.38906
230103 230101         17617.9738
230103 230102         19230.6486
230101 230105         54789.7539
230101 230106         39392.4564
230101 230103         17617.9738
230101 230102          32930.252
230101 230104         28395.9221
230101 230108         15474.6598
230101 230110         7589.44887
230101 230111          30038.728
230109 230103         54976.9522
230109 230104         51848.2984
230109 230110         48033.7787
230109 230102         43405.8657
230109 230303          32837.654
230109 230105         40050.7231
230109 230301         39666.2713
230109 230111         36118.8526
230104 230403         31223.7676
230104 230101         28395.9221
230104 230108         20725.1581
230104 230110         28260.1591
230104 230103         11695.4068
230104 230106         19228.5001
230104 230102         9783.77067
230104 230404          28230.183
230303 180101         65764.1272
230303 180303         60795.0845
230303 180302         32489.2487
230303 230302         59901.4791
230303 230301         30529.8054
230303 180301         31816.0048
230303 230109          32837.654
230303 230105         55655.0596
180301 180104         72862.2209
180301 40706         71554.0248
180301 230303         31816.0048
180301 230109         64227.8596
180301 230301         52803.8869
180301 180302          16852.164
180301 180303         34076.9297
180301 180101          56551.697
230102 230101          32930.252
230102 230110         30506.7864
230102 230108         29014.5445
230102 230404         30113.9915
230102 230104         9783.77067
230102 230103         19230.6486
230102 230106         27508.0644
230102 230105         22838.2974
230106 230407         32173.4081
230106 230107         31041.0185
230106 230108          25159.933
230106 230102         27508.0644
230106 230104         19228.5001
230106 230103         22922.4545
230106 230403         17964.8793
230106 230404         21400.0007
230404 230204         33583.7698
230404 230102         30113.9915
230404 230405         24503.1931
230404 230104          28230.183
230404 230402         16357.4828
230404 230407         20564.0168
230404 230403         9551.45302
230404 230106         21400.0007
230403 230408         32535.4206
230403 230104         31223.7676
230403 230405         28808.3005
230403 230107         27865.1712
230403 230404         9551.45302
230403 230407         15174.5158
230403 230402         24258.3493
230403 230106         17964.8793
230407 230406          31857.163
230407 230402         27062.4168
230407 230405         23933.5134
230407 230107         26773.3271
230407 230404         20564.0168
230407 230403         15174.5158
230407 230408         18455.5213
230407 230401         25903.2827
230105 230109         40050.7231
230105 230302         36535.8748
230105 230404         33712.6145
230105 230301         33936.5046
230105 230102         22838.2974
230105 230204         33159.4837
230105 230402         30065.0619
230105 230104          31519.395
230301 180301         52803.8869
230301 180104         51151.2924
230301 180302         42755.5234
230301 230204         48383.8404
230301 230302         29563.1655
230301 230105         33936.5046
230301 230303         30529.8054
230301 230109         39666.2713
180302 230109         64592.2587
180302 230302         63459.0316
180302 230303         32489.2487
180302 180104         56013.8347
180302 230301         42755.5234
180302 180301          16852.164
180302 180303         28798.2081
180302 180101         40487.7013
230107 230405         50514.3782
230107 230104         50252.4824
230107 230408         41391.8889
230107 230404          37416.431
230107 230407         26773.3271
230107 230403         27865.1712
230107 230401         30957.5561
230107 230106         31041.0185
230402 230105         30065.0619
230402 230407         27062.4168
230402 230206         18881.4959
230402 230205         24490.2472
230402 230404         16357.4828
230402 230204         17303.3581
230402 230405         13214.4797
230402 230403         24258.3493
230204 230105         33159.4837
230204 230203          27456.137
230204 230405          19122.024
230204 230302         25651.0899
230204 230205         9541.13204
230204 230206         10590.9449
230204 230402         17303.3581
230204 230202         22822.3677
230405 230404         24503.1931
230405 230407         23933.5134
230405 230204          19122.024
230405 230406         21569.4555
230405 230205         20944.6334
230405 230206         12801.3564
230405 230402         13214.4797
230405 230408         21232.2702
230206 230408         31112.6325
230206 230203         26460.8079
230206 230405         12801.3564
230206 230406         25004.9321
230206 230205         8242.04306
230206 230204         10590.9449
230206 230202         18493.9846
230206 230402         18881.4959
180303 40703         62554.3836
180303 180104         62333.9144
180303 230303         60795.0845
180303 40702         61943.3654
180303 40706         37721.0872
180303 180302         28798.2081
180303 180301         34076.9297
180303 180101         39118.7472
230401 230404         46434.0947
230401 230406         35648.9968
230401 230405         42738.9817
230401 210502         29996.8411
230401 230107         30957.5561
230401 230403         39761.7134
230401 230407         25903.2827
230401 230408         22978.0699
230205 230201         30858.4242
230205 230302         27461.2542
230205 230405         20944.6334
230205 230402         24490.2472
230205 230206         8242.04306
230205 230204         9541.13204
230205 230202         13343.5891
230205 230203         19281.5607
230408 230404         34584.4025
230408 230403         32535.4206
230408 230402         32122.7307
230408 230401         22978.0699
230408 230206         31112.6325
230408 230405         21232.2702
230408 230406         14971.4136
230408 230407         18455.5213
230302 180104          38808.624
230302 230206         34316.2414
230302 230105         36535.8748
230302 230202          32998.228
230302 230203         28633.7704
230302 230205         27461.2542
230302 230204         25651.0899
230302 230301         29563.1655
180104 180105         53663.5162
180104 230301         51151.2924
180104 230203         44641.8357
180104 180209         50167.5206
180104 180103         47261.8862
180104 180106         21319.8105
180104 180101         24077.6359
180104 230302          38808.624
40706 40127         60695.2782
40706 180101         53631.6384
40706 180303         37721.0872
40706 180205         47318.9026
40706 40703         28783.0407
40706 40705         35975.7157
40706 40702         26072.8169
40706 40701         47306.8352
230406 230402         34775.1672
230406 230407          31857.163
230406 230206         25004.9321
230406 230202         31435.6163
230406 230205         31108.6468
230406 230408         14971.4136
230406 230405         21569.4555
230406 230201         29713.7462
230202 230302          32998.228
230202 230406         31435.6163
230202 230405         30325.7079
230202 230201         19115.6164
230202 230205         13343.5891
230202 230206         18493.9846
230202 230204         22822.3677
230202 230203         10019.9718
40703 180303         62554.3836
40703 40127         61308.1503
40703 40702         30844.6992
40703 40108         56402.9421
40703 40706         28783.0407
40703 40705         8675.74516
40703 40701         27085.0882
40703 40704         46442.7956
230203 230405         39029.8737
230203 230302         28633.7704
230203 180106         37445.1705
230203 230204          27456.137
230203 230201         23946.4868
230203 230206         26460.8079
230203 230205         19281.5607
230203 230202         10019.9718
40705 40125         60957.1203
40705 40127         58359.2435
40705 40702         32000.8749
40705 40108         50159.0607
40705 40706         35975.7157
40705 40703         8675.74516
40705 40701         19635.9519
40705 40704         38099.9849
210502 230201         58704.1691
210502 230405         57384.8984
210502 230407         51170.6716
210502 230406         39090.2616
210502 210504         34422.3612
210502 230408         37315.4998
210502 210405         33515.9803
210502 230401         29996.8411
230201 230405         40484.3461
230201 230204         40207.3771
230201 180102         36892.6572
230201 230406         29713.7462
230201 230202         19115.6164
230201 230206          32509.755
230201 230205         30858.4242
230201 230203         23946.4868
180106 230302         46206.7305
180106 180201         45699.1399
180106 180101         42996.3832
180106 180209         35818.2861
180106 180103         26504.1455
180106 230203         37445.1705
180106 180104         21319.8105
180106 180105         33157.8728
180101 230302         55327.3813
180101 230301         55136.7497
180101 180205         50360.2114
180101 180302         40487.7013
180101 40706         53631.6384
180101 180106         42996.3832
180101 180104         24077.6359
180101 180303         39118.7472
180103 180203         46130.0802
180103 180202         32579.8067
180103 180201         34676.6265
180103 180207         32213.0172
180103 180106         26504.1455
180103 180209          23795.471
180103 180105         6792.02525
180103 180102         31778.7483
210405 230401         58945.7132
210405 210407          56245.012
210405 210402         52054.7492
210405 210505         46236.9747
210405 210504         44643.4243
210405 210502         33515.9803
210405 210404         31441.8415
210405 210403         36627.2803
40702 40108         42958.2486
40702 40114         41061.2143
40702 40705         32000.8749
40702 40127         35220.7889
40702 40706         26072.8169
40702 40703         30844.6992
40702 40701         30851.0534
40702 180205         34521.4885
40704 40108         48461.2024
40704 40118         47935.2421
40704 40703         46442.7956
40704 40125         41785.3512
40704 40207         37317.9785
40704 40705         38099.9849
40704 40701         31097.6079
40704 40121         34263.1816
40701 40121         46962.0222
40701 40127         44357.2755
40701 40702         30851.0534
40701 40125         41937.3069
40701 40704         31097.6079
40701 40703         27085.0882
40701 40705         19635.9519
40701 40108         31058.3418
180205 180201         39986.3855
180205 40113         36283.7119
180205 180203         38714.0922
180205 40127          35930.829
180205 40702         34521.4885
180205 180208          26196.118
180205 40114         21648.7943
180205 40115          34883.033
180105 180203         43725.3183
180105 180106         33157.8728
180105 180201         33129.4274
180105 180102         31099.6025
180105 180103         6792.02525
180105 180207          27185.393
180105 180209         23156.6972
180105 180202         25990.4574
40201 40520         54193.0517
40201 40206         50304.6953
40201 40204         23096.3071
40201 40413         45498.0493
40201 40205         18683.1324
40201 40202         4515.06013
40201 40208         7243.89968
40201 40207         27366.1925
180209 180202         39967.3267
180209 180106         35818.2861
180209 180105         23156.6972
180209 180208         30832.0029
180209 180203         23238.2757
180209 180207         20047.7837
180209 180201         11175.1589
180209 180103          23795.471
40202 40520         54371.3852
40202 40206         45807.4781
40202 40204         18582.7823
40202 40413         43460.6803
40202 40205         16948.3997
40202 40201         4515.06013
40202 40208         9049.53298
40202 40207         30340.1325
210404 211304         48062.0837
210404 210505         44962.5373
210404 210405         31441.8415
210404 211303         43105.7461
210404 210407         26204.5163
210404 210402         21103.1152
210404 210403         20595.5517
210404 210406         40527.4749
40207 40118         41236.6861
40207 40704         37317.9785
40207 40121         34654.6991
40207 40520         36657.2347
40207 40205         26393.0685
40207 40208         21384.8516
40207 40201         27366.1925
40207 40202         30340.1325
210402 211302          39155.506
210402 211304         37987.6919
210402 210406         36663.8062
210402 211301         37465.9504
210402 211303         27707.4789
210402 210407         17391.3935
210402 210403         33976.5015
210402 210404         21103.1152
40208 40206         52388.0176
40208 40520         47031.6461
40208 40204         24987.2506
40208 40413         39979.9503
40208 40205         13624.7154
40208 40202         9049.53298
40208 40201         7243.89968
40208 40207         21384.8516
40115 40112         14246.7143
40115 40114         13861.2816
40115 40113         12874.1249
40115 40127         13810.8849
40115 40111         5561.14652
40115 40105          11486.917
40115 40116          10748.067
40115 40122         12502.3738
180201 40114         41824.8987
180201 180205         39986.3855
180201 180105         33129.4274
180201 180103         34676.6265
180201 180203         12202.8243
180201 180207         19302.5569
180201 180209         11175.1589
180201 180208         20461.6292
210504 230408         56423.1869
210504 210403         54996.6863
210504 180102         56349.7406
210504 230406         47973.5383
210504 210505         39187.3137
210504 210502         34422.3612
210504 210405         44643.4243
210504 230201         47649.2866
40127 40116          20677.534
40127 40129         20294.0355
40127 40114         20655.0489
40127 40123         17337.5262
40127 40111         14605.0103
40127 40107         17274.0737
40127 40115         13810.8849
40127 40122         15616.2792
40114 40116         23747.0029
40114 180205         21648.7943
40114 40105         20216.3534
40114 180208         21513.2349
40114 40111         19415.2666
40114 40113         15786.2604
40114 40115         13861.2816
40114 40127         20655.0489
40111 40101         12724.1049
40111 40107          10626.969
40111 40105         11026.9463
40111 40129         9430.00676
40111 40112         9310.93519
40111 40116         6337.00221
40111 40115         5561.14652
40111 40122         7243.47805
180208 40115         31890.5241
180208 180209         30832.0029
180208 40113         23503.3253
180208 40105         30572.2391
180208 180203          13533.883
180208 180201         20461.6292
180208 40114         21513.2349
180208 180205          26196.118
180102 180206         54043.7074
180102 230202          50977.788
180102 230203         48760.9287
180102 180106         49196.0954
180102 180202         34880.5487
180102 180103         31778.7483
180102 180105         31099.6025
180102 230201         36892.6572
180203 40105         38014.0288
180203 40106         35648.9765
180203 40114         34231.9068
180203 40113         31500.8183
180203 180207         22881.4569
180203 180201         12202.8243
180203 180208          13533.883
180203 180209         23238.2757
210403 211304         41563.6866
210403 210405         36627.2803
210403 210402         33976.5015
210403 210401         32405.3257
210403 210406          29734.402
210403 210407         26490.2177
210403 210404         20595.5517
210403 210505         25599.8871
40113 40109         19497.7679
40113 40112         17922.4971
40113 40116         14806.8636
40113 40106         16451.8829
40113 40111         15231.5797
40113 40105         7072.88324
40113 40115         12874.1249
40113 40114         15786.2604
40122 40112         8428.39481
40122 40116         8399.22615
40122 40101         7437.15237
40122 40117         7299.69114
40122 40107         3385.68696
40122 40123         6753.11151
40122 40129         4729.32641
40122 40111         7243.47805
40107 40111          10626.969
40107 40112         9864.95609
40107 40126         6990.60855
40107 40129         5087.49991
40107 40101         6292.92286
40107 40122         3385.68696
40107 40123         3792.04522
40107 40117         4434.89449
40116 40110         10232.9119
40116 40101         9459.60685
40116 40105         8341.86252
40116 40122         8399.22615
40116 40111         6337.00221
40116 40129         6863.14986
40116 40112          3695.4196
40116 40109         8090.86134
210505 210405         46236.9747
210505 210404         44962.5373
210505 210501         35742.2024
210505 210406         42735.8135
210505 210102         41626.5347
210505 210401         28504.1497
210505 210403         25599.8871
210505 210504         39187.3137
40129 40123         8680.95982
40129 40116         6863.14986
40129 40126         5012.65426
40129 40117         5709.00664
40129 40107         5087.49991
40129 40101         3299.25292
40129 40122         4729.32641
40129 40112          4894.9451
40123 40112         13551.5699
40123 40124         9970.72557
40123 40126         9006.32277
40123 40129         8680.95982
40123 40107         3792.04522
40123 40101         8979.98328
40123 40117         5426.67252
40123 40122         6753.11151
40117 40116         12571.8334
40117 40112         10233.2676
40117 40123         5426.67252
40117 40122         7299.69114
40117 40107         4434.89449
40117 40101         4203.64388
40117 40126         3682.87256
40117 40129         5709.00664
40105 40106         14815.5606
40105 40110         14634.5415
40105 40116         8341.86252
40105 40109          12463.759
40105 40111         11026.9463
40105 40113         7072.88324
40105 40112         11046.3547
40105 40115          11486.917
40112 40111         9310.93519
40112 40122         8428.39481
40112 40101          6479.1742
40112 40110         7077.36784
40112 40126         8116.47316
40112 40129          4894.9451
40112 40116          3695.4196
40112 40109         5244.34349
40108 40701         31058.3418
40108 40122         30735.5681
40108 40117         30228.5705
40108 40107         28925.3902
40108 40124         18185.2251
40108 40125          24023.831
40108 40123         25415.9653
40108 40127         26362.7906
40126 40110          9572.4678
40126 40123         9006.32277
40126 40117         3682.87256
40126 40122         8747.05613
40126 40107         6990.60855
40126 40101         1788.84239
40126 40129         5012.65426
40126 40112         8116.47316
40121 40701         46962.0222
40121 40207         34654.6991
40121 40108         39032.1392
40121 40704         34263.1816
40121 40125         17018.4544
40121 40118         13714.0586
40121 40520         24540.9289
40121 40120         30533.9009
180207 180210         35052.7244
180207 180206          33659.868
180207 180202         27647.7642
180207 180103         32213.0172
180207 180203         22881.4569
180207 180201         19302.5569
180207 180209         20047.7837
180207 180105          27185.393
40101 40123         8979.98328
40101 40109         8764.27579
40101 40117         4203.64388
40101 40122         7437.15237
40101 40107         6292.92286
40101 40126         1788.84239
40101 40129         3299.25292
40101 40112          6479.1742
40124 40129          18199.001
40124 40108         18185.2251
40124 40101         17396.1105
40124 40122         16690.2591
40124 40107         13709.7097
40124 40126           16586.55
40124 40123         9970.72557
40124 40117         13192.6763
40205 40206         45893.7623
40205 40520         38929.2191
40205 40204         21083.5465
40205 40413         26815.1791
40205 40201         18683.1324
40205 40208         13624.7154
40205 40202         16948.3997
40205 40207         26393.0685
210407 211305         34485.2579
210407 210403         26490.2177
210407 211301         25279.5694
210407 210404         26204.5163
210407 211303         17701.9963
210407 210402         17391.3935
210407 210406         19274.7289
210407 211304          22451.191
40118 40704         47935.2421
40118 40108         44145.6503
40118 40413         41969.9318
40118 40207         41236.6861
40118 40520         15414.0835
40118 40120         18507.5602
40118 40121         13714.0586
40118 40125         20175.0772
211303 210406         23053.6911
211303 211306          21770.684
211303 211302         21344.7311
211303 211307         19225.3576
211303 211304         14538.7879
211303 210407         17701.9963
211303 211301         9925.37654
211303 211305         16935.8906
40109 40105          12463.759
40109 40126         9701.42533
40109 40116         8090.86134
40109 40129         9034.32875
40109 40112         5244.34349
40109 40102         5508.61075
40109 40110         2276.65489
40109 40101         8764.27579
180202 180210         38197.5637
180202 180102         34880.5487
180202 180211         29792.7288
180202 180204          34180.446
180202 180105         25990.4574
180202 180207         27647.7642
180202 180206         20624.4171
180202 180103         32579.8067
40204 40601          47365.608
40204 40207         45081.5869
40204 40208         24987.2506
40204 40413         39109.5732
40204 40205         21083.5465
40204 40201         23096.3071
40204 40202         18582.7823
40204 40206         27457.1771
40110 40103         11571.5219
40110 40129         10069.4563
40110 40116         10232.9119
40110 40126          9572.4678
40110 40109         2276.65489
40110 40102         3240.44069
40110 40112         7077.36784
40110 40101         9035.17534
40102 40129         11875.9406
40102 40104          10162.838
40102 40112         9861.39903
40102 40101         9994.95987
40102 40109         5508.61075
40102 40103         9198.04119
40102 40110         3240.44069
40102 40126         9949.18576
211304 211302         32603.9412
211304 211307         23391.6081
211304 211306          24674.933
211304 211305         20633.4542
211304 211303         14538.7879
211304 210407          22451.191
211304 211301         9868.40264
211304 210406         13474.1824
210406 211307         36604.7965
210406 211305         33828.2527
210406 211301         22740.5195
210406 210403          29734.402
210406 211303         23053.6911
210406 210407         19274.7289
210406 211304         13474.1824
210406 210401         23121.1271
40106 40112         20911.8881
40106 40103         20716.2905
40106 40116         20503.7197
40106 40102         20574.0739
40106 40105         14815.5606
40106 40113         16451.8829
40106 40109         18014.1384
40106 40110         18783.5911
211302 210402          39155.506
211302 211304         32603.9412
211302 210407         37009.5062
211302 211301         23074.7759
211302 211303         21344.7311
211302 211306         17055.3177
211302 211307         15038.1005
211302 211305         16115.3456
180206 211103         50426.8888
180206 180105         44828.9313
180206 180210          21430.813
180206 210113          42305.162
180206 180204         18913.0959
180206 180202         20624.4171
180206 180211         9328.02685
180206 180207          33659.868
211307 210407         36880.6078
211307 210406         36604.7965
211307 211302         15038.1005
211307 211304         23391.6081
211307 211305         2777.11918
211307 211301         13905.6298
211307 211306         2830.94402
211307 211303         19225.3576
211301 210407         25279.5694
211301 210406         22740.5195
211301 211302         23074.7759
211301 211307         13905.6298
211301 211303         9925.37654
211301 211304         9868.40264
211301 211306         15612.5001
211301 211305         11131.4548
211305 210407         34485.2579
211305 210406         33828.2527
211305 211302         16115.3456
211305 211304         20633.4542
211305 211307         2777.11918
211305 211301         11131.4548
211305 211306          4861.6133
211305 211303         16935.8906
211306 210407         39345.7263
211306 210406         38061.0423
211306 211302         17055.3177
211306 211304          24674.933
211306 211305          4861.6133
211306 211301         15612.5001
211306 211307         2830.94402
211306 211303          21770.684
40104 40129         15350.5344
40104 40109         14569.5973
40104 40103         13956.5071
40104 40117         12828.2384
40104 40102          10162.838
40104 40110         12734.8003
40104 40126         10563.6911
40104 40101         12082.3867
210401 210102         43302.8938
210401 210505         28504.1497
210401 210407         39273.3058
210401 210406         23121.1271
210401 210503         25765.2977
210401 211304         34532.3398
210401 210403         32405.3257
210401 210501         21069.0766
40103 40106         20716.2905
40103 40101         19045.2817
40103 40112          18648.869
40103 40126         18710.9813
40103 40109         13579.5301
40103 40102         9198.04119
40103 40110         11571.5219
40103 40104         13956.5071
180211 40119         45630.8098
180211 211103         42234.9392
180211 180202         29792.7288
180211 210113         41627.9106
180211 180204         18512.5229
180211 180206         9328.02685
180211 180210         15022.6274
180211 180207         38159.7508
40125 40701         41937.3069
40125 40704         41785.3512
40125 40118         20175.0772
40125 40520          35485.707
40125 40124         33311.4888
40125 40121         17018.4544
40125 40108          24023.831
40125 40120         26365.2573
40120 40124         45212.8878
40120 40407         43246.0527
40120 40121         30533.9009
40120 40508         38335.6371
40120 40520          26616.966
40120 40125         26365.2573
40120 40118         18507.5602
40120 40511         33566.5851
40413 40208         39979.9503
40413 40605         39657.9063
40413 40601         32144.5244
40413 40204         39109.5732
40413 40401         26361.9283
40413 40520         26555.9141
40413 40205         26815.1791
40413 40407         32348.0527
40520 40205         38929.2191
40520 40407         38483.9956
40520 40413         26555.9141
40520 40207         36657.2347
40520 40120          26616.966
40520 40118         15414.0835
40520 40121         24540.9289
40520 40125          35485.707
40206 40602         50489.2512
40206 40201         50304.6953
40206 40205         45893.7623
40206 40606         45763.2072
40206 40203          25972.726
40206 40202         45807.4781
40206 40204         27457.1771
40206 40601         40658.6176
210503 210102         47324.5672
210503 210103         45798.8788
210503 211304         41086.6935
210503 210106         45559.8347
210503 210406         37252.7267
210503 210401         25765.2977
210503 210501         23257.6353
210503 210112         39657.2515
180204 210114         37784.3424
180204 210109         35419.9867
180204 210111         36285.0857
180204 210113         23597.8254
180204 180202          34180.446
180204 180210         33056.0529
180204 180211         18512.5229
180204 180206         18913.0959
210113 180206          42305.162
210113 180211         41627.9106
210113 210111         23438.6611
210113 210115         33474.7974
210113 180204         23597.8254
210113 210114         17743.5978
210113 210109         24885.7719
210113 210101         32055.6756
180210 180203         47399.4145
180210 211103         44809.8143
180210 180202         38197.5637
180210 180207         35052.7244
180210 180204         33056.0529
180210 180206          21430.813
180210 180211         15022.6274
180210 40119         30610.4905
210111 210106         49010.2974
210111 210109         47922.7637
210111 210114         37011.4798
210111 210112         43364.4554
210111 180204         36285.0857
210111 210102         27250.0537
210111 210113         23438.6611
210111 210101          38162.269
210501 210403          50429.487
210501 210106          43896.691
210501 210112         34752.2778
210501 210406         43355.7084
210501 210102         25476.1726
210501 210503         23257.6353
210501 210401         21069.0766
210501 210505         35742.2024
40128 40101         31386.3475
40128 40126         29966.1507
40128 40109          31130.952
40128 40110         28867.2323
40128 40508         27481.0988
40128 40103         20826.8517
40128 40102         25626.7982
40128 40104         19444.1179
40119 40110         45263.7361
40119 180203         42330.6999
40119 40105         43654.6559
40119 40103         40503.8931
40119 40106         29033.1527
40119 180210         30610.4905
40119 40113         43334.5478
40119 40514          39567.837
210102 210503         47324.5672
210102 210101         45272.2369
210102 210401         43302.8938
210102 210106         44018.9075
210102 210505         41626.5347
210102 210111         27250.0537
210102 210501         25476.1726
210102 210112         34792.3512
40508 40507         42562.9881
40508 40503          39351.349
40508 40104         42535.9592
40508 40512         30725.9876
40508 40128         27481.0988
40508 40120         38335.6371
40508 40511         20873.9025
40508 40502         24770.9932
210106 210104           38009.21
210106 210107         36437.4812
210106 210108         32074.9236
210106 210105           27455.26
210106 210101         20212.8514
210106 210110         27171.5201
210106 210112         9717.38807
210106 210103         27163.4388
40203 40204         53073.3538
40203 40601         44670.5207
40203 40303         43211.5664
40203 40608         43268.1201
40203 40301         34760.7472
40203 40206          25972.726
40203 40606         21826.3772
40203 40602         40066.6573
210112 210503         39657.2515
210112 210105         36539.0133
210112 210110         35413.5943
210112 210102         34792.3512
210112 210101         23410.9706
210112 210103         33199.6772
210112 210106         9717.38807
210112 210501         34752.2778
40407 40601         37916.2848
40407 40511         37796.3104
40407 40413         32348.0527
40407 40507         32704.6529
40407 40412         28325.8035
40407 40401         21496.1343
40407 40605         27330.3322
40407 40411          32261.784
40605 40414          32909.224
40605 40412         28966.2685
40605 40602         26870.5529
40605 40407         27330.3322
40605 40411          20891.631
40605 40601         19326.4919
40605 40401         13332.0054
40605 40410         26792.2235
40401 40410         39958.2925
40401 40412         35953.8587
40401 40413         26361.9283
40401 40602         35346.8588
40401 40605         13332.0054
40401 40407         21496.1343
40401 40601         16421.7277
40401 40411         31576.9148
210101 210108         32094.9983
210101 210113         32055.6756
210101 210115          25441.565
210101 210104         26987.6207
210101 210110         19714.2142
210101 210112         23410.9706
210101 210106         20212.8514
210101 210114          22306.306
210114 210111         37011.4798
210114 211102         30901.6839
210114 210113         17743.5978
210114 210110         30765.2215
210114 210101          22306.306
210114 210115         15804.9189
210114 210109         15363.7507
210114 210104         29664.3573
210103 210902         42287.2898
210103 210605         41907.2006
210103 210107         30500.2264
210103 210110         40476.2372
210103 210112         33199.6772
210103 210106         27163.4388
210103 210105         16470.2216
210103 210108         34616.2278
40303 40608         67064.7937
40303 40206         61839.3995
40303 40308         50534.4017
40303 40306         58017.3728
40303 40203         43211.5664
40303 40606          48020.999
40303 40301         33282.9331
40303 40312         57734.5729
210109 180204         35419.9867
210109 210104         34893.6673
210109 210113         24885.7719
210109 210702         34459.4923
210109 211103         22760.3605
210109 210115         19016.3001
210109 210114         15363.7507
210109 211102         29489.1574
40511 40412         45506.2719
40511 40407         37796.3104
40511 40502         38134.4229
40511 40512         35421.1746
40511 40507         24319.5734
40511 40508         20873.9025
40511 40503         33064.3347
40511 40120         33566.5851
40411 40402         32191.9001
40411 40401         31576.9148
40411 40403         26013.7359
40411 40605          20891.631
40411 40410         15589.0967
40411 40412         12540.7754
40411 40414         16516.0898
40411 40408         16779.5622
210115 211104         30869.1757
210115 210702         26985.5396
210115 210109         19016.3001
210115 210101          25441.565
210115 210104         15988.7728
210115 211102         15217.4807
210115 210114         15804.9189
210115 210110         21788.4407
40301 40602          52421.762
40301 40312         51729.5228
40301 40608         35416.6709
40301 40809         50102.3712
40301 40203         34760.7472
40301 40606         22771.7856
40301 40303         33282.9331
40301 40306         33709.6205
40606 40303          48020.999
40606 40206         45763.2072
40606 40601         47015.2785
40606 40604         43132.5358
40606 40203         21826.3772
40606 40301         22771.7856
40606 40608         22516.6485
40606 40602          30517.225
40307 40302         55626.9712
40307 50705         53242.4959
40307 40312          54267.875
40307 40310         42050.4154
40307 40304         15152.6531
40307 40313         29862.2461
40307 40308          27007.906
40307 40309         27386.4437
40502 40128         35436.8245
40502 40503         32695.5084
40502 40509         26235.9483
40502 40506          26270.825
40502 40519         26073.2792
40502 40501         25506.7089
40502 40512         14893.9732
40502 40508         24770.9932
210110 210106         27171.5201
210110 210107         24051.0485
210110 211102         24620.1329
210110 211104         18788.6959
210110 210101         19714.2142
210110 210115         21788.4407
210110 210104         11005.4262
210110 210108         13849.6009
40412 40605         28966.2685
40412 40407         28325.8035
40412 40403         16583.2778
40412 40410         27100.1836
40412 40507         24270.6673
40412 40411         12540.7754
40412 40408         19687.8285
40412 40414         25153.8996
40512 40508         30725.9876
40512 40501         28239.3239
40512 40506         22719.0877
40512 40510         28101.9419
40512 40502         14893.9732
40512 40509         18788.8014
40512 40503         18511.8089
40512 40513          21885.678
211103 210113         42415.3904
211103 180211         42234.9392
211103 210115         38729.2379
211103 180204         40078.8351
211103 210114         38004.9997
211103 210709         33173.8934
211103 210109         22760.3605
211103 210702         39453.6087
210104 210702          27673.127
210104 210101         26987.6207
210104 210115         15988.7728
210104 211101         25303.2111
210104 211104         15196.3291
210104 211102         13768.6908
210104 210110         11005.4262
210104 210108         18328.8899
40519 40504         39670.8275
40519 40514         38708.2574
40519 40509         35091.8234
40519 40518         37265.6467
40519 40506         29716.2763
40519 40502         26073.2792
40519 40501         19519.7083
40519 40512         37259.2649
40601 40410         42581.6117
40601 40206         40658.6176
40601 40413         32144.5244
40601 40411         40056.0148
40601 40407         37916.2848
40601 40401         16421.7277
40601 40605         19326.4919
40601 40602          24763.416
40507 40408         39757.8256
40507 40512         39669.1724
40507 40411         36750.2313
40507 40407         32704.6529
40507 40511         24319.5734
40507 40403         21761.6335
40507 40412         24270.6673
40507 40503         25420.5831
40503 40502         32695.5084
40503 40406         31159.1005
40503 40509         29012.4191
40503 40510         30441.2469
40503 40512         18511.8089
40503 40507         25420.5831
40503 40513         18337.7823
40503 40516          27584.415
40514 210707          58154.593
40514 40501         53107.5273
40514 40119          39567.837
40514 180210          52852.446
40514 211103         51298.5248
40514 40504         38915.1136
40514 40519         38708.2574
40514 210709         41543.5176
210108 211101         28663.8978
210108 211105         27641.4403
210108 210105         18849.7191
210108 210605         18929.1243
210108 211104         12174.2748
210108 210104         18328.8899
210108 210107         10445.7734
210108 210110         13849.6009
40308 40306         63637.8172
40308 40313         56234.5786
40308 40303         50534.4017
40308 50705         54726.3269
40308 40307          27007.906
40308 40309          32436.549
40308 40312         36733.7797
40308 40304         41382.3613
211102 210108         30556.8055
211102 210110         24620.1329
211102 210109         29489.1574
211102 211101         22795.7111
211102 210115         15217.4807
211102 210104         13768.6908
211102 210702         14289.0412
211102 211104         22638.2098
40410 40402          33146.179
40410 40602         31489.2086
40410 40605         26792.2235
40410 40607         30456.7171
40410 40411         15589.0967
40410 40414         8201.47865
40410 40408         17586.5627
40410 40412         27100.1836
40414 40605          32909.224
40414 40403         30382.8551
40414 40402         25071.3109
40414 40607         27171.6753
40414 40411         16516.0898
40414 40408         10369.3327
40414 40410         8201.47865
40414 40412         25153.8996
40602 40411         38648.0069
40602 40604         36924.0065
40602 40401         35346.8588
40602 40410         31489.2086
40602 40606          30517.225
40602 40601          24763.416
40602 40605         26870.5529
40602 40608         25950.5806
40403 40406          34285.136
40403 40405         33936.6164
40403 40414         30382.8551
40403 40411         26013.7359
40403 40412         16583.2778
40403 40402         19843.8372
40403 40408          20501.845
40403 40507         21761.6335
40501 40515         30832.2781
40501 40510         28686.6749
40501 40519         19519.7083
40501 40512         28239.3239
40501 40506         11109.7989
40501 40518         18092.8527
40501 40509         17629.1303
40501 40502         25506.7089
40608 40410         44162.1017
40608 40809         36465.6074
40608 40203         43268.1201
40608 40301         35416.6709
40608 40602         25950.5806
40608 40606         22516.6485
40608 40604          20622.493
40608 40811         33044.2534
40506 40515         27403.6425
40506 40502          26270.825
40506 40513         23867.6436
40506 40512         22719.0877
40506 40509         6892.25691
40506 40518         12862.6161
40506 40501         11109.7989
40506 40510         17814.8089
40509 40503         29012.4191
40509 40502         26235.9483
40509 40501         17629.1303
40509 40512         18788.8014
40509 40506         6892.25691
40509 40518         16209.0777
40509 40513         17075.2199
40509 40510         13209.0005
40313 50705         58375.5152
40313 40308         56234.5786
40313 40307         29862.2461
40313 40305         45509.2651
40313 40310         20760.8068
40313 40302         29050.6951
40313 40304         14867.3548
40313 40309           40384.71
210107 210104         28356.3077
210107 210607          27432.027
210107 211105         27829.1669
210107 210110         24051.0485
210107 210105         14151.1278
210107 210605         12858.7633
210107 210108         10445.7734
210107 211104         17883.1294
40408 40607         32489.1874
40408 40405         29314.9707
40408 40410         17586.5627
40408 40403          20501.845
40408 40411         16779.5622
40408 40414         10369.3327
40408 40402         16410.7191
